0 0 -0.000448797 -0.000448797
0.0526316 0 -0.000308158 -0.00123999
0.105263 0 -4.02037e-05 -0.00159781
0.157895 0 6.11582e-05 -0.00155393
0.210526 0 0.000106574 -0.00135289
0.263158 0 0.000107306 -0.000891175
0.315789 0 0.000133421 -0.000386588
0.368421 0 0.00015859 0.000215657
0.421053 0 0.000184582 0.000916971
0.473684 0 0.000212061 0.00172221
0.526316 0 0.000241214 0.00263757
0.578947 0 0.00027173 0.00366917
0.631579 0 0.00030249 0.00482083
0.684211 0 0.000331417 0.00609075
0.736842 0 0.000346451 0.0074644
0.789474 0 0.000479536 0.00916391
0.842105 0 0.000438704 0.0102563
0.894737 0 6.01199e-05 0.0109197
0.947368 0 -0.00162532 0.00936862
1 0 -0.00378136 0.00378136

0 0.0526316 -0.00141798 -0.000468344
0.0526316 0.0526316 -0.00159355 -0.00125577
0.105263 0.0526316 -0.00174007 -0.00158989
0.157895 0.0526316 -0.0018964 -0.00145319
0.210526 0.0526316 -0.00210931 -0.00114638
0.263158 0.0526316 -0.00243913 -0.000680587
0.315789 0.0526316 -0.00286768 -0.00013376
0.368421 0.0526316 -0.00336453 0.00050406
0.421053 0.0526316 -0.00392939 0.00123964
0.473684 0.0526316 -0.00456287 0.00208149
0.526316 0.0526316 -0.00526976 0.00303937
0.578947 0.0526316 -0.00605754 0.00412283
0.631579 0.0526316 -0.0069359 0.00533894
0.684211 0.0526316 -0.00791672 0.00668867
0.736842 0.0526316 -0.00901248 0.00816298
0.789474 0.0526316 -0.0102318 0.0097647
0.842105 0.0526316 -0.0116439 0.011136
0.894737 0.0526316 -0.0128632 0.0120094
0.947368 0.0526316 -0.0131595 0.00998866
1 0.0526316 -0.0113925 0.00344677

0 0.105263 -0.00222916 -0.000277535
0.0526316 0.105263 -0.00248496 -0.00102191
0.105263 0.105263 -0.00285999 -0.00131325
0.157895 0.105263 -0.00328441 -0.00111338
0.210526 0.105263 -0.00375412 -0.000693719
0.263158 0.105263 -0.00435422 -0.000135796
0.315789 0.105263 -0.00511087 0.000505779
0.368421 0.105263 -0.00596007 0.00123294
0.421053 0.105263 -0.00690946 0.00205624
0.473684 0.105263 -0.00795774 0.00298791
0.526316 0.105263 -0.00910694 0.00404029
0.578947 0.105263 -0.0103582 0.00522391
0.631579 0.105263 -0.0117085 0.0065446
0.684211 0.105263 -0.0131474 0.00799787
0.736842 0.105263 -0.0146329 0.00955709
0.789474 0.105263 -0.0161351 0.011144
0.842105 0.105263 -0.0175141 0.0123862
0.894737 0.105263 -0.0181121 0.0125306
0.947368 0.105263 -0.0175823 0.00934186
1 0.105263 -0.0162798 0.00116622

0 0.157895 -0.00282053 -0.000228246
0.0526316 0.157895 -0.00311102 -0.000628874
0.105263 0.157895 -0.00366778 -0.000793672
0.157895 0.157895 -0.00434359 -0.000512617
0.210526 0.157895 -0.00507133 5.33713e-06
0.263158 0.157895 -0.00592327 0.000667806
0.315789 0.157895 -0.00694713 0.00141855
0.368421 0.157895 -0.00805757 0.00225594
0.421053 0.157895 -0.00926837 0.00318966
0.473684 0.157895 -0.010575 0.0042313
0.526316 0.157895 -0.0119717 0.00539035
0.578947 0.157895 -0.0134451 0.00667073
0.631579 0.157895 -0.0149677 0.00806568
0.684211 0.157895 -0.0164907 0.00954717
0.736842 0.157895 -0.0179092 0.0110425
0.789474 0.157895 -0.0191419 0.012386
0.842105 0.157895 -0.0199863 0.0130778
0.894737 0.157895 -0.0198796 0.0122581
0.947368 0.157895 -0.018963 0.00831753
1 0.157895 -0.0180494 0.000438826

0 0.210526 -0.00331327 -0.000193403
0.0526316 0.210526 -0.00367526 -0.000198968
0.105263 0.210526 -0.0043501 -0.00014381
0.157895 0.210526 -0.00519969 0.000260166
0.210526 0.210526 -0.00612446 0.000877536
0.263158 0.210526 -0.00717316 0.00163389
0.315789 0.210526 -0.00838972 0.0024853
0.368421 0.210526 -0.00967107 0.0034275
0.421053 0.210526 -0.0110309 0.00446648
0.473684 0.210526 -0.0124593 0.00560825
0.526316 0.210526 -0.0139411 0.00685306
0.578947 0.210526 -0.0154474 0.00819006
0.631579 0.210526 -0.0169281 0.0095897
0.684211 0.210526 -0.0183062 0.0109891
0.736842 0.210526 -0.0194453 0.0122634
0.789474 0.210526 -0.0202687 0.0131729
0.842105 0.210526 -0.0206468 0.0132014
0.894737 0.210526 -0.0201939 0.0116189
0.947368 0.210526 -0.0192988 0.00743614
1 0.210526 -0.0186373 9.02355e-05

0 0.263158 -0.00398676 -0.000137508
0.0526316 0.263158 -0.0042764 0.000311001
0.105263 0.263158 -0.00498702 0.000650628
0.157895 0.263158 -0.0059352 0.00122127
0.210526 0.263158 -0.00698508 0.00195016
0.263158 0.263158 -0.00816066 0.00278998
0.315789 0.263158 -0.00949013 0.00372177
0.368421 0.263158 -0.010856 0.00474339
0.421053 0.263158 -0.0122664 0.00585712
0.473684 0.263158 -0.0137049 0.00706104
0.526316 0.263158 -0.0151479 0.00834232
0.578947 0.263158 -0.0165555 0.00967103
0.631579 0.263158 -0.0178657 0.0109914
0.684211 0.263158 -0.0189926 0.0122069
0.736842 0.263158 -0.0198025 0.0131545
0.789474 0.263158 -0.0202668 0.0135657
0.842105 0.263158 -0.020356 0.0130003
0.894737 0.263158 -0.0198039 0.0109188
0.947368 0.263158 -0.0190468 0.00675072
1 0.263158 -0.0185562 -7.37614e-05

0 0.315789 -0.00454705 -0.000138847
0.0526316 0.315789 -0.00484652 0.000854741
0.105263 0.315789 -0.00558317 0.00155181
0.157895 0.315789 -0.00658474 0.00234403
0.210526 0.315789 -0.0077063 0.00320614
0.263158 0.315789 -0.00895173 0.00412177
0.315789 0.315789 -0.0103258 0.00510153
0.368421 0.315789 -0.0117068 0.00615273
0.421053 0.315789 -0.0130926 0.00727767
0.473684 0.315789 -0.0144603 0.0084689
0.526316 0.315789 -0.0157808 0.00970261
0.578947 0.315789 -0.0170106 0.0109327
0.631579 0.315789 -0.018088 0.0120833
0.684211 0.315789 -0.0189363 0.0130366
0.736842 0.315789 -0.0194481 0.013616
0.789474 0.315789 -0.0196445 0.0135687
0.842105 0.315789 -0.0195699 0.0125606
0.894737 0.315789 -0.0190102 0.0102124
0.947368 0.315789 -0.0183694 0.00619166
1 0.315789 -0.0179616 -0.000176536

0 0.368421 -0.00511042 -0.000139461
0.0526316 0.368421 -0.00540886 0.00139896
0.105263 0.368421 -0.00615149 0.00246448
0.157895 0.368421 -0.0071752 0.00348913
0.210526 0.368421 -0.00832966 0.00448491
0.263158 0.368421 -0.00959972 0.00546332
0.315789 0.368421 -0.0109622 0.00646632
0.368421 0.368421 -0.0123024 0.00751388
0.421053 0.368421 -0.0136063 0.00861128
0.473684 0.368421 -0.0148461 0.00974749
0.526316 0.368421 -0.0159913 0.0108897
0.578947 0.368421 -0.017001 0.011979
0.631579 0.368421 -0.0178233 0.0129259
0.684211 0.368421 -0.0184004 0.0136033
0.736842 0.368421 -0.0186599 0.0138385
0.789474 0.368421 -0.0186532 0.0134125
0.842105 0.368421 -0.0184758 0.0120892
0.894737 0.368421 -0.0179352 0.00960333
0.947368 0.368421 -0.0173901 0.00575962
1 0.368421 -0.0170521 -0.000249661

0 0.421053 -0.00567512 -0.000139328
0.0526316 0.421053 -0.00596626 0.00193743
0.105263 0.421053 -0.00670171 0.00337739
0.157895 0.421053 -0.00772588 0.00463832
0.210526 0.421053 -0.00888479 0.00576242
0.263158 0.421053 -0.0101438 0.00678712
0.315789 0.421053 -0.011449 0.00778489
0.368421 0.421053 -0.0127034 0.00879129
0.421053 0.421053 -0.0138819 0.0098182
0.473684 0.421053 -0.0149548 0.0108548
0.526316 0.421053 -0.0158933 0.0118636
0.578947 0.421053 -0.0166641 0.0127788
0.631579 0.421053 -0.0172299 0.0135049
0.684211 0.421053 -0.017555 0.0139154
0.736842 0.421053 -0.0176019 0.0138518
0.789474 0.421053 -0.0174318 0.0131324
0.842105 0.421053 -0.0171758 0.0115997
0.894737 0.421053 -0.0166524 0.0090645
0.947368 0.421053 -0.0161771 0.00540927
1 0.421053 -0.0158996 -0.000306341

0 0.473684 -0.00623634 -0.000137581
0.0526316 0.473684 -0.00651685 0.00246479
0.105263 0.473684 -0.00723788 0.00427551
0.157895 0.473684 -0.00824804 0.00576591
0.210526 0.473684 -0.0093897 0.00700434
0.263158 0.473684 -0.0106083 0.0080537
0.315789 0.473684 -0.0118184 0.00901598
0.368421 0.473684 -0.0129504 0.00994487
0.421053 0.473684 -0.0139702 0.0108625
0.473684 0.473684 -0.0148494 0.0117622
0.526316 0.473684 -0.0155637 0.0126066
0.578947 0.473684 -0.0160902 0.0133285
0.631579 0.473684 -0.0164077 0.0138335
0.684211 0.473684 -0.0165019 0.0140021
0.736842 0.473684 -0.0163658 0.0136936
0.789474 0.473684 -0.0160546 0.0127601
0.842105 0.473684 -0.015726 0.0111012
0.894737 0.473684 -0.0152082 0.00857646
0.947368 0.473684 -0.0147798 0.00511186
1 0.473684 -0.0145559 -0.000350549

0 0.526316 -0.00678656 -0.000133459
0.0526316 0.526316 -0.00705608 0.00297992
0.105263 0.526316 -0.00776013 0.0051516
0.157895 0.526316 -0.00874613 0.00685527
0.210526 0.526316 -0.00985141 0.00818504
0.263158 0.526316 -0.0110018 0.00923151
0.315789 0.526316 -0.0120833 0.0101262
0.368421 0.526316 -0.0130605 0.0109433
0.421053 0.526316 -0.0138945 0.0117183
0.473684 0.526316 -0.0145613 0.0124521
0.526316 0.526316 -0.0150433 0.0131115
0.578947 0.526316 -0.0153284 0.0136327
0.631579 0.526316 -0.0154109 0.0139269
0.684211 0.526316 -0.0152946 0.0138856
0.736842 0.526316 -0.0149981 0.0133863
0.789474 0.526316 -0.0145601 0.0123084
0.842105 0.526316 -0.0141599 0.0105892
0.894737 0.526316 -0.013636 0.00811866
0.947368 0.526316 -0.0132373 0.00484591
1 0.526316 -0.0130621 -0.000384637

0 0.578947 -0.00731536 -0.000126024
0.0526316 0.578947 -0.00757647 0.00348486
0.105263 0.578947 -0.00826465 0.00600205
0.157895 0.578947 -0.00921771 0.00789191
0.210526 0.578947 -0.0102657 0.00927935
0.263158 0.578947 -0.0113171 0.0102886
0.315789 0.578947 -0.0122366 0.0110824
0.368421 0.578947 -0.0130281 0.0117578
0.421053 0.578947 -0.0136529 0.012365
0.473684 0.578947 -0.0140945 0.0129144
0.526316 0.578947 -0.0143429 0.0133792
0.578947 0.578947 -0.0143962 0.0137025
0.631579 0.578947 -0.0142614 0.013804
0.684211 0.578947 -0.0139562 0.0135878
0.736842 0.578947 -0.0135193 0.0129484
0.789474 0.578947 -0.0129685 0.011786
0.842105 0.578947 -0.0124997 0.0100596
0.894737 0.578947 -0.0119632 0.00767672
0.947368 0.578947 -0.0115833 0.00459755
1 0.578947 -0.011453 -0.00040993

0 0.631579 -0.00780833 -0.000113901
0.0526316 0.631579 -0.00806649 0.00398474
0.105263 0.631579 -0.00874255 0.00682504
0.157895 0.631579 -0.00965193 0.00885964
0.210526 0.631579 -0.0106152 0.0102578
0.263158 0.631579 -0.0115293 0.0111884
0.315789 0.631579 -0.0122504 0.0118492
0.368421 0.631579 -0.0128251 0.0123602
0.421053 0.631579 -0.0132211 0.012786
0.473684 0.631579 -0.0134309 0.0131452
0.526316 0.631579 -0.0134522 0.0134182
0.578947 0.631579 -0.0132906 0.0135561
0.631579 0.631579 -0.0129623 0.0134888
0.684211 0.631579 -0.0124941 0.0131332
0.736842 0.631579 -0.0119384 0.0123996
0.789474 0.631579 -0.0112926 0.0112031
0.842105 0.631579 -0.0107639 0.00951257
0.894737 0.631579 -0.0102146 0.00724371
0.947368 0.631579 -0.00984843 0.00435953
1 0.631579 -0.00976004 -0.000427104

0 0.684211 -0.00824502 -9.46727e-05
0.0526316 0.684211 -0.00850851 0.00448885
0.105263 0.684211 -0.00917725 0.0076197
0.157895 0.684211 -0.0100249 0.00973755
0.210526 0.684211 -0.0108632 0.0110838
0.263158 0.684211 -0.0115899 0.0118895
0.315789 0.684211 -0.0120723 0.0123906
0.368421 0.684211 -0.012401 0.0127268
0.421053 0.684211 -0.0125551 0.0129717
0.473684 0.684211 -0.0125365 0.0131493
0.526316 0.684211 -0.0123477 0.0132454
0.578947 0.684211 -0.0119988 0.0132187
0.631579 0.684211 -0.0115099 0.0130099
0.684211 0.684211 -0.0109117 0.012549
0.736842 0.684211 -0.0102634 0.0117604
0.789474 0.684211 -0.00954633 0.0105712
0.842105 0.684211 -0.00897212 0.00895074
0.894737 0.684211 -0.00841518 0.00681661
0.947368 0.684211 -0.00806201 0.00412805
1 0.684211 -0.00801229 -0.000437747

0 0.736842 -0.00859392 -6.40716e-05
0.0526316 0.736842 -0.00887534 0.00500712
0.105263 0.736842 -0.00953841 0.00836994
0.157895 0.736842 -0.0102888 0.0104762
0.210526 0.736842 -0.0109406 0.0116904
0.263158 0.736842 -0.0114159 0.0123251
0.315789 0.736842 -0.0116185 0.0126552
0.368421 0.736842 -0.0116807 0.0128278
0.421053 0.736842 -0.0115938 0.012916
0.473684 0.736842 -0.0113656 0.0129423
0.526316 0.736842 -0.0109999 0.0128944
0.578947 0.736842 -0.0105058 0.0127373
0.631579 0.736842 -0.00990217 0.0124212
0.684211 0.736842 -0.00921769 0.0118885
0.736842 0.736842 -0.00851136 0.0110773
0.789474 0.736842 -0.00775324 0.00992444
0.842105 0.736842 -0.00715257 0.00839666
0.894737 0.736842 -0.00659419 0.00640978
0.947368 0.736842 -0.0062509 0.00391348
1 0.736842 -0.00623702 -0.000429233

0 0.789474 -0.00880315 -1.13561e-05
0.0526316 0.789474 -0.00912557 0.00557741
0.105263 0.789474 -0.00976989 0.00909917
0.157895 0.789474 -0.010349 0.0110778
0.210526 0.789474 -0.01072 0.0120872
0.263158 0.789474 -0.01087 0.0125313
0.315789 0.789474 -0.0107673 0.0127022
0.368421 0.789474 -0.0105671 0.0127325
0.421053 0.789474 -0.010267 0.0126842
0.473684 0.789474 -0.00987341 0.0125748
0.526316 0.789474 -0.00938564 0.0123942
0.578947 0.789474 -0.00880711 0.0121153
0.631579 0.789474 -0.00815025 0.0117003
0.684211 0.789474 -0.00743665 0.0111055
0.736842 0.789474 -0.00671703 0.0102843
0.789474 0.789474 -0.00595744 0.00918492
0.842105 0.789474 -0.00535452 0.00777195
0.894737 0.789474 -0.00480186 0.00594666
0.947368 0.789474 -0.00441785 0.00363394
1 0.789474 -0.004134 -0.000612822

0 0.842105 -0.00867463 0.000132959
0.0526316 0.842105 -0.00909508 0.00619429
0.105263 0.842105 -0.00964726 0.00970664
0.157895 0.842105 -0.00991741 0.0114122
0.210526 0.842105 -0.00991194 0.0121795
0.263158 0.842105 -0.00971077 0.0124677
0.315789 0.842105 -0.00933963 0.0125379
0.368421 0.842105 -0.00894015 0.0124864
0.421053 0.842105 -0.00850318 0.0123567
0.473684 0.842105 -0.00802505 0.0121598
0.526316 0.842105 -0.00749633 0.0118877
0.578947 0.842105 -0.00691219 0.0115211
0.631579 0.842105 -0.00627621 0.0110337
0.684211 0.842105 -0.0055999 0.0103948
0.736842 0.842105 -0.00491883 0.00957145
0.789474 0.842105 -0.00419605 0.00852494
0.842105 0.842105 -0.00360594 0.00722558
0.894737 0.842105 -0.00305762 0.00557827
0.947368 0.842105 -0.00272119 0.00347561
1 0.842105 -0.00262094 -0.000672834

0 0.894737 -0.00802436 0.000467449
0.0526316 0.894737 -0.00857214 0.00674748
0.105263 0.894737 -0.00877656 0.0099497
0.157895 0.894737 -0.00855932 0.0112733
0.210526 0.894737 -0.0081505 0.011842
0.263158 0.894737 -0.00767208 0.0120663
0.315789 0.894737 -0.00715964 0.0121171
0.368421 0.894737 -0.00669112 0.012052
0.421053 0.894737 -0.00624167 0.0118986
0.473684 0.894737 -0.00579446 0.0116635
0.526316 0.894737 -0.00533233 0.0113419
0.578947 0.894737 -0.00484396 0.0109213
0.631579 0.894737 -0.00432536 0.0103841
0.684211 0.894737 -0.00377817 0.00970919
0.736842 0.894737 -0.00322122 0.00887136
0.789474 0.894737 -0.00260966 0.00784076
0.842105 0.894737 -0.00208606 0.00660824
0.894737 0.894737 -0.0015414 0.00509285
0.947368 0.894737 -0.00113723 0.00321306
1 0.894737 -0.00105199 -0.000643801

0 0.947368 -0.00590793 0.00153899
0.0526316 0.947368 -0.00629985 0.00688513
0.105263 0.947368 -0.00601502 0.00965788
0.157895 0.947368 -0.00543314 0.0107246
0.210526 0.947368 -0.004911 0.011267
0.263158 0.947368 -0.00445248 0.0115653
0.315789 0.947368 -0.00405672 0.0116693
0.368421 0.947368 -0.00372678 0.0116427
0.421053 0.947368 -0.00343493 0.011509
0.473684 0.947368 -0.00316204 0.0112761
0.526316 0.947368 -0.00289288 0.0109431
0.578947 0.947368 -0.00261721 0.0105028
0.631579 0.947368 -0.00232949 0.00994344
0.684211 0.947368 -0.00202682 0.00924839
0.736842 0.947368 -0.00171592 0.00839434
0.789474 0.947368 -0.00134605 0.00731644
0.842105 0.947368 -0.00102899 0.00610931
0.894737 0.947368 -0.000622581 0.00461164
0.947368 0.947368 -0.000172013 0.00279751
1 0.947368 0.000259583 -0.000516294

0 1 -0.00209897 0.00209897
0.0526316 1 -0.00185097 0.00625458
0.105263 1 -0.000723638 0.00899945
0.157895 1 -0.000361367 0.01022
0.210526 1 -0.000180032 0.0108392
0.263158 1 -6.58114e-05 0.011286
0.315789 1 -2.23269e-05 0.0114279
0.368421 1 1.0365e-05 0.0114324
0.421053 1 3.85308e-05 0.0113227
0.473684 1 6.53085e-05 0.0111084
0.526316 1 9.2778e-05 0.0107899
0.578947 1 0.000122478 0.0103615
0.631579 1 0.000155705 0.00981253
0.684211 1 0.000194645 0.0091274
0.736842 1 0.000234508 0.00828378
0.789474 1 0.000414593 0.00701811
0.842105 1 0.000577572 0.00586196
0.894737 1 0.000770669 0.00429713
0.947368 1 0.00118984 0.00215528
1 1 0.000416621 0.000416621

